0 3
1 5
2 4
3 4
4 0
5 0
6 1
7 3
8 3
9 1
10 3
11 2
12 0
13 6
14 3
15 3
16 4
17 3
18 3
19 3
20 1
21 4
22 2
23 0
24 4
25 1
26 3
27 0
28 3
29 5
30 6
31 3
32 6
33 3
34 4
35 4
36 3
37 4
38 2
39 4
40 1
41 0
42 2
43 3
44 6
45 4
46 3
47 6
48 0
49 6
50 6
51 0
52 1
53 2
54 1
55 2
56 1
57 4
58 3
59 3
60 4
61 6
62 0
63 4
64 6
65 2
66 6
67 0
68 3
69 6
70 1
71 0
72 3
73 4
74 0
75 6
76 0
77 3
78 1
79 1
80 3
81 0
82 4
83 3
84 0
85 4
86 5
87 5
88 1
89 1
90 3
91 3
92 4
93 0
94 0
95 0
96 6
97 3
98 1
99 0
100 2
101 3
102 3
103 4
104 3
105 0
106 5
107 0
108 0
109 1
110 3
111 3
112 3
113 3
114 1
115 0
116 6
117 0
118 4
119 5
120 2
121 3
122 3
123 3
124 3
125 3
126 0
127 3
128 4
129 2
130 1
131 0
132 4
133 3
134 3
135 5
136 5
137 0
138 0
139 2
140 1
141 2
142 3
143 3
144 3
145 2
146 3
147 6
148 4
149 6
150 6
151 1
152 3
153 3
154 3
155 0
156 5
157 1
158 5
159 1
160 3
161 0
162 4
163 2
164 1
165 5
166 6
167 4
168 2
169 3
170 0
171 1
172 6
173 4
174 3
175 3
176 5
177 1
178 5
179 3
180 3
181 1
182 0
183 6
184 5
185 0
186 4
187 3
188 2
189 2
190 3
191 2
192 3
193 3
194 3
195 5
196 5
197 4
198 3
199 1
200 3
201 3
202 3
203 3
204 3
205 3
206 3
207 3
208 1
209 2
210 4
211 0
212 3
213 4
214 3
215 6
216 5
217 3
218 0
219 2
220 4
221 6
222 6
223 5
224 5
225 6
226 3
227 1
228 2
229 3
230 3
231 6
232 3
233 3
234 3
235 3
236 6
237 2
238 3
239 4
240 2
241 3
242 1
243 2
244 3
245 6
246 0
247 4
248 0
249 5
250 0
251 1
252 4
253 3
254 3
255 1
256 6
257 3
258 3
259 6
260 0
261 3
262 6
263 3
264 1
265 2
266 6
267 1
268 3
269 3
270 0
271 3
272 3
273 2
274 4
275 0
276 0
277 4
278 0
279 0
280 0
281 4
282 3
283 3
284 6
285 6
286 5
287 1
288 6
289 6
290 2
291 3
292 0
293 3
294 4
295 4
296 1
297 3
298 4
299 1
300 6
301 3
302 5
303 6
304 3
305 4
306 4
307 5
308 1
309 2
310 3
311 3
312 0
313 6
314 5
315 3
316 5
317 1
318 6
319 1
320 3
321 4
322 1
323 1
324 0
325 0
326 0
327 0
328 3
329 2
330 3
331 3
332 0
333 4
334 1
335 5
336 3
337 3
338 3
339 0
340 3
341 3
342 0
343 2
344 5
345 0
346 3
347 0
348 5
349 3
350 3
351 3
352 0
353 3
354 3
355 3
356 3
357 2
358 0
359 3
360 3
361 2
362 3
363 3
364 3
365 3
366 3
367 4
368 3
369 3
370 4
371 0
372 2
373 5
374 4
375 1
376 0
377 3
378 1
379 5
380 2
381 1
382 1
383 3
384 3
385 4
386 3
387 3
388 3
389 0
390 2
391 3
392 0
393 3
394 3
395 2
396 5
397 3
398 0
399 3
400 1
401 0
402 2
403 2
404 3
405 3
406 3
407 3
408 3
409 3
410 4
411 3
412 4
413 3
414 6
415 2
416 0
417 5
418 1
419 0
420 3
421 1
422 2
423 0
424 1
425 4
426 5
427 3
428 5
429 0
430 1
431 1
432 5
433 5
434 6
435 3
436 1
437 3
438 1
439 3
440 4
441 6
442 0
443 3
444 3
445 6
446 4
447 3
448 2
449 6
450 0
451 4
452 0
453 1
454 6
455 4
456 1
457 6
458 3
459 1
460 4
461 3
462 3
463 4
464 0
465 4
466 4
467 0
468 0
469 3
470 6
471 4
472 4
473 4
474 3
475 2
476 3
477 4
478 6
479 6
480 3
481 1
482 6
483 4
484 0
485 0
486 6
487 3
488 1
489 3
490 4
491 0
492 4
493 2
494 3
495 0
496 3
497 1
498 0
499 0
500 4
501 3
502 4
503 3
504 3
505 3
506 4
507 1
508 1
509 5
510 0
511 0
512 3
513 0
514 1
515 0
516 3
517 1
518 1
519 3
520 3
521 5
522 1
523 2
524 3
525 1
526 3
527 3
528 3
529 3
530 2
531 3
532 0
533 0
534 6
535 1
536 3
537 2
538 2
539 6
540 6
541 6
542 3
543 6
544 3
545 3
546 2
547 3
548 4
549 1
550 1
551 4
552 4
553 3
554 4
555 1
556 1
557 0
558 0
559 4
560 1
561 3
562 4
563 4
564 4
565 4
566 4
567 4
568 4
569 1
570 3
571 1
572 3
573 0
574 1
575 4
576 3
577 0
578 6
579 3
580 6
581 6
582 6
583 6
584 0
585 5
586 3
587 3
588 4
589 3
590 3
591 1
592 3
593 6
594 6
595 3
596 1
597 5
598 5
599 3
600 3
601 4
602 2
603 6
604 3
605 3
606 2
607 3
608 3
609 3
610 3
611 3
612 6
613 3
614 1
615 1
616 3
617 3
618 1
619 0
620 3
621 4
622 3
623 0
624 1
625 3
626 3
627 3
628 3
629 6
630 3
631 3
632 0
633 4
634 6
635 1
636 4
637 0
638 1
639 0
640 1
641 0
642 0
643 6
644 4
645 0
646 0
647 0
648 3
649 6
650 4
651 3
652 5
653 4
654 5
655 3
656 4
657 4
658 2
659 3
660 1
661 0
662 3
663 3
664 3
665 3
666 3
667 3
668 3
669 5
670 6
671 4
672 1
673 3
674 3
675 5
676 3
677 3
678 3
679 6
680 3
681 2
682 4
683 6
684 0
685 3
686 6
687 3
688 4
689 2
690 6
691 4
692 1
693 3
694 3
695 1
696 3
697 0
698 3
699 4
700 1
701 3
702 3
703 3
704 0
705 3
706 1
707 5
708 3
709 3
710 1
711 0
712 2
713 0
714 2
715 0
716 3
717 2
718 3
719 3
720 3
721 2
722 1
723 0
724 3
725 0
726 3
727 2
728 2
729 0
730 3
731 3
732 1
733 4
734 4
735 5
736 3
737 3
738 4
739 4
740 1
741 3
742 0
743 2
744 2
745 3
746 3
747 3
748 0
749 4
750 4
751 3
752 6
753 3
754 3
755 2
756 5
757 2
758 2
759 0
760 6
761 1
762 1
763 3
764 2
765 2
766 3
767 1
768 0
769 2
770 3
771 3
772 0
773 4
774 3
775 4
776 0
777 0
778 1
779 3
780 2
781 2
782 3
783 6
784 3
785 6
786 1
787 0
788 0
789 2
790 1
791 1
792 1
793 2
794 1
795 1
796 3
797 3
798 1
799 6
800 2
801 6
802 0
803 2
804 4
805 3
806 6
807 4
808 3
809 3
810 3
811 2
812 3
813 2
814 3
815 2
816 3
817 6
818 6
819 6
820 3
821 3
822 1
823 3
824 6
825 6
826 3
827 0
828 3
829 3
830 3
831 6
832 3
833 2
834 3
835 6
836 1
837 5
838 0
839 3
840 3
841 0
842 4
843 4
844 2
845 3
846 2
847 1
848 1
849 5
850 0
851 0
852 0
853 1
854 2
855 0
856 2
857 6
858 6
859 1
860 2
861 1
862 6
863 3
864 3
865 1
866 3
867 3
868 4
869 0
870 4
871 0
872 3
873 3
874 3
875 4
876 1
877 5
878 3
879 4
880 2
881 3
882 4
883 6
884 1
885 1
886 3
887 1
888 0
889 0
890 3
891 0
892 0
893 5
894 0
895 0
896 0
897 0
898 0
899 3
900 2
901 6
902 2
903 1
904 0
905 0
906 3
907 3
908 3
909 0
910 2
911 1
912 3
913 0
914 3
915 0
916 3
917 0
918 3
919 3
920 3
921 3
922 6
923 6
924 1
925 3
926 1
927 6
928 6
929 0
930 3
931 1
932 1
933 4
934 2
935 2
936 4
937 6
938 2
939 3
940 2
941 2
942 2
943 2
944 0
945 0
946 3
947 6
948 3
949 3
950 0
951 6
952 0
953 2
954 0
955 1
956 2
957 1
958 2
959 2
960 5
961 2
962 3
963 5
964 2
965 2
966 2
967 1
968 3
969 0
970 2
971 0
972 2
973 0
974 2
975 3
976 0
977 1
978 3
979 3
980 3
981 6
982 2
983 6
984 6
985 0
986 6
987 0
988 4
989 3
990 3
991 6
992 6
993 0
994 6
995 2
996 0
997 5
998 0
999 0
1000 1
1001 6
1002 6
1003 1
1004 1
1005 3
1006 1
1007 5
1008 5
1009 2
1010 5
1011 5
1012 4
1013 0
1014 3
1015 0
1016 2
1017 3
1018 2
1019 1
1020 0
1021 3
1022 3
1023 3
1024 1
1025 1
1026 1
1027 1
1028 3
1029 0
1030 2
1031 3
1032 1
1033 6
1034 2
1035 2
1036 2
1037 3
1038 3
1039 6
1040 6
1041 3
1042 3
1043 3
1044 3
1045 4
1046 6
1047 6
1048 6
1049 5
1050 1
1051 3
1052 3
1053 1
1054 2
1055 3
1056 3
1057 3
1058 3
1059 3
1060 2
1061 5
1062 1
1063 2
1064 0
1065 2
1066 3
1067 3
1068 3
1069 2
1070 2
1071 5
1072 3
1073 5
1074 1
1075 3
1076 0
1077 2
1078 0
1079 3
1080 3
1081 5
1082 5
1083 0
1084 6
1085 5
1086 0
1087 0
1088 3
1089 6
1090 3
1091 3
1092 1
1093 3
1094 3
1095 1
1096 2
1097 0
1098 2
1099 2
1100 3
1101 6
1102 5
1103 3
1104 1
1105 1
1106 2
1107 6
1108 0
1109 1
1110 2
1111 6
1112 3
1113 2
1114 2
1115 3
1116 3
1117 2
1118 3
1119 3
1120 3
1121 6
1122 6
1123 6
1124 1
1125 6
1126 6
1127 2
1128 0
1129 3
1130 2
1131 2
1132 1
1133 0
1134 2
1135 1
1136 2
1137 4
1138 6
1139 2
1140 2
1141 0
1142 2
1143 2
1144 3
1145 3
1146 3
1147 0
1148 6
1149 3
1150 3
1151 5
1152 6
1153 2
1154 6
1155 6
1156 0
1157 3
1158 0
1159 2
1160 1
1161 1
1162 0
1163 6
1164 1
1165 5
1166 1
1167 2
1168 0
1169 3
1170 1
1171 3
1172 0
1173 1
1174 1
1175 2
1176 3
1177 5
1178 2
1179 3
1180 5
1181 1
1182 5
1183 4
1184 2
1185 1
1186 0
1187 1
1188 3
1189 1
1190 3
1191 1
1192 4
1193 4
1194 6
1195 3
1196 3
1197 1
1198 1
1199 1
1200 3
1201 0
1202 4
1203 3
1204 2
1205 2
1206 2
1207 2
1208 5
1209 6
1210 6
1211 3
1212 6
1213 4
1214 6
1215 6
1216 2
1217 4
1218 2
1219 2
1220 3
1221 2
1222 3
1223 1
1224 2
1225 2
1226 5
1227 1
1228 4
1229 3
1230 2
1231 2
1232 2
1233 6
1234 5
1235 1
1236 1
1237 1
1238 1
1239 3
1240 0
1241 0
1242 3
1243 3
1244 5
1245 3
1246 3
1247 3
1248 6
1249 2
1250 3
1251 3
1252 3
1253 4
1254 3
1255 0
1256 5
1257 2
1258 3
1259 5
1260 1
1261 2
1262 3
1263 6
1264 2
1265 3
1266 3
1267 1
1268 0
1269 1
1270 1
1271 5
1272 3
1273 1
1274 2
1275 5
1276 0
1277 2
1278 6
1279 2
1280 1
1281 3
1282 3
1283 3
1284 3
1285 3
1286 2
1287 0
1288 0
1289 3
1290 1
1291 0
1292 5
1293 3
1294 0
1295 3
1296 1
1297 5
1298 3
1299 2
1300 3
1301 5
1302 6
1303 2
1304 6
1305 2
1306 1
1307 3
1308 0
1309 1
1310 1
1311 2
1312 5
1313 3
1314 4
1315 3
1316 4
1317 6
1318 3
1319 2
1320 3
1321 3
1322 1
1323 3
1324 0
1325 2
1326 0
1327 5
1328 3
1329 1
1330 2
1331 2
1332 2
1333 2
1334 2
1335 0
1336 0
1337 1
1338 0
1339 1
1340 3
1341 3
1342 3
1343 1
1344 6
1345 6
1346 3
1347 0
1348 6
1349 4
1350 6
1351 2
1352 3
1353 2
1354 6
1355 6
1356 3
1357 0
1358 1
1359 3
1360 1
1361 1
1362 2
1363 1
1364 1
1365 3
1366 3
1367 6
1368 6
1369 2
1370 5
1371 2
1372 0
1373 3
1374 3
1375 0
1376 4
1377 6
1378 4
1379 2
1380 2
1381 0
1382 3
1383 3
1384 3
1385 6
1386 1
1387 3
1388 1
1389 3
1390 1
1391 2
1392 2
1393 0
1394 3
1395 2
1396 2
1397 0
1398 3
1399 3
1400 1
1401 6
1402 3
1403 0
1404 2
1405 3
1406 3
1407 6
1408 2
1409 2
1410 2
1411 3
1412 6
1413 6
1414 0
1415 0
1416 6
1417 3
1418 3
1419 0
1420 6
1421 3
1422 3
1423 3
1424 2
1425 0
1426 6
1427 0
1428 5
1429 5
1430 3
1431 3
1432 2
1433 1
1434 5
1435 3
1436 0
1437 0
1438 4
1439 2
1440 4
1441 2
1442 5
1443 4
1444 1
1445 5
1446 3
1447 4
1448 6
1449 1
1450 3
1451 3
1452 3
1453 6
1454 3
1455 2
1456 1
1457 3
1458 0
1459 4
1460 1
1461 3
1462 3
1463 0
1464 3
1465 6
1466 2
1467 2
1468 1
1469 1
1470 3
1471 3
1472 3
1473 2
1474 2
1475 6
1476 2
1477 3
1478 0
1479 0
1480 3
1481 2
1482 1
1483 6
1484 1
1485 3
1486 5
1487 3
1488 3
1489 5
1490 3
1491 1
1492 1
1493 3
1494 3
1495 2
1496 6
1497 6
1498 6
1499 3
1500 1
1501 3
1502 0
1503 0
1504 0
1505 1
1506 0
1507 0
1508 3
1509 3
1510 1
1511 3
1512 0
1513 6
1514 1
1515 4
1516 2
1517 3
1518 2
1519 5
1520 3
1521 1
1522 1
1523 2
1524 3
1525 0
1526 3
1527 0
1528 5
1529 4
1530 2
1531 6
1532 0
1533 2
1534 6
1535 6
1536 2
1537 6
1538 3
1539 5
1540 4
1541 2
1542 6
1543 0
1544 2
1545 0
1546 4
1547 3
1548 0
1549 0
1550 1
1551 3
1552 6
1553 6
1554 6
1555 0
1556 6
1557 4
1558 2
1559 3
1560 4
1561 1
1562 3
1563 2
1564 3
1565 2
1566 1
1567 1
1568 6
1569 5
1570 6
1571 2
1572 2
1573 4
1574 6
1575 2
1576 1
1577 2
1578 5
1579 3
1580 2
1581 4
1582 0
1583 3
1584 6
1585 4
1586 1
1587 5
1588 2
1589 4
1590 2
1591 3
1592 3
1593 0
1594 2
1595 1
1596 5
1597 6
1598 2
1599 4
1600 3
1601 3
1602 0
1603 2
1604 3
1605 1
1606 3
1607 1
1608 0
1609 5
1610 3
1611 2
1612 3
1613 0
1614 0
1615 3
1616 4
1617 6
1618 1
1619 0
1620 5
1621 6
1622 5
1623 3
1624 0
1625 4
1626 6
1627 5
1628 2
1629 3
1630 3
1631 2
1632 4
1633 3
1634 3
1635 6
1636 6
1637 3
1638 2
1639 3
1640 6
1641 0
1642 6
1643 4
1644 3
1645 3
1646 2
1647 1
1648 6
1649 4
1650 2
1651 5
1652 3
1653 6
1654 0
1655 3
1656 3
1657 3
1658 1
1659 3
1660 0
1661 1
1662 2
1663 2
1664 3
1665 6
1666 0
1667 3
1668 3
1669 1
1670 2
1671 1
1672 3
1673 2
1674 6
1675 2
1676 3
1677 3
1678 1
1679 5
1680 6
1681 0
1682 0
1683 1
1684 5
1685 2
1686 5
1687 4
1688 2
1689 2
1690 2
1691 2
1692 1
1693 4
1694 2
1695 6
1696 2
1697 3
1698 6
1699 6
1700 3
1701 3
1702 1
1703 4
1704 3
1705 1
1706 6
1707 6
1708 1
1709 3
1710 3
1711 4
1712 1
1713 0
1714 0
1715 2
1716 0
1717 2
1718 3
1719 2
1720 5
1721 5
1722 0
1723 0
1724 3
1725 3
1726 5
1727 1
1728 2
1729 2
1730 2
1731 0
1732 3
1733 0
1734 2
1735 6
1736 2
1737 2
1738 2
1739 1
1740 2
1741 4
1742 0
1743 2
1744 3
1745 2
1746 3
1747 0
1748 1
1749 0
1750 5
1751 3
1752 6
1753 3
1754 4
1755 3
1756 2
1757 0
1758 4
1759 0
1760 3
1761 0
1762 1
1763 3
1764 0
1765 0
1766 3
1767 4
1768 4
1769 2
1770 3
1771 2
1772 3
1773 3
1774 3
1775 2
1776 5
1777 0
1778 3
1779 4
1780 4
1781 5
1782 4
1783 0
1784 2
1785 2
1786 1
1787 3
1788 3
1789 3
1790 2
1791 4
1792 1
1793 3
1794 3
1795 3
1796 2
1797 2
1798 3
1799 2
1800 0
1801 3
1802 0
1803 0
1804 6
1805 6
1806 3
1807 2
1808 1
1809 6
1810 3
1811 3
1812 3
1813 3
1814 3
1815 3
1816 4
1817 3
1818 3
1819 5
1820 3
1821 3
1822 3
1823 1
1824 1
1825 3
1826 2
1827 1
1828 4
1829 0
1830 6
1831 2
1832 2
1833 1
1834 2
1835 1
1836 2
1837 5
1838 0
1839 2
1840 2
1841 4
1842 0
1843 6
1844 4
1845 4
1846 3
1847 3
1848 1
1849 5
1850 2
1851 3
1852 0
1853 1
1854 6
1855 6
1856 0
1857 0
1858 1
1859 4
1860 6
1861 1
1862 1
1863 1
1864 6
1865 3
1866 3
1867 3
1868 0
1869 3
1870 0
1871 3
1872 2
1873 3
1874 3
1875 1
1876 0
1877 6
1878 2
1879 3
1880 2
1881 5
1882 6
1883 2
1884 3
1885 3
1886 3
1887 3
1888 1
1889 3
1890 2
1891 3
1892 6
1893 3
1894 0
1895 3
1896 3
1897 1
1898 0
1899 0
1900 0
1901 0
1902 3
1903 3
1904 6
1905 2
1906 0
1907 0
1908 0
1909 0
1910 0
1911 2
1912 3
1913 0
1914 3
1915 3
1916 3
1917 2
1918 1
1919 5
1920 3
1921 2
1922 0
1923 3
1924 1
1925 2
1926 0
1927 3
1928 3
1929 3
1930 2
1931 2
1932 3
1933 0
1934 0
1935 3
1936 2
1937 0
1938 0
1939 3
1940 2
1941 0
1942 0
1943 2
1944 5
1945 0
1946 2
1947 3
1948 3
1949 3
1950 2
1951 6
1952 3
1953 3
1954 4
1955 5
1956 5
1957 4
1958 2
1959 2
1960 3
1961 5
1962 1
1963 5
1964 1
1965 2
1966 3
1967 1
1968 3
1969 4
1970 3
1971 2
1972 0
1973 2
1974 3
1975 4
1976 6
1977 0
1978 0
1979 4
1980 2
1981 3
1982 0
1983 0
1984 2
1985 2
1986 1
1987 6
1988 0
1989 6
1990 3
1991 0
1992 0
1993 0
1994 0
1995 0
1996 3
1997 3
1998 3
1999 2
2000 0
2001 2
2002 0
2003 2
2004 1
2005 1
2006 1
2007 4
2008 0
2009 5
2010 6
2011 1
2012 1
2013 3
2014 4
2015 1
2016 0
2017 0
2018 4
2019 3
2020 3
2021 3
2022 0
2023 3
2024 3
2025 0
2026 3
2027 4
2028 1
2029 3
2030 2
2031 1
2032 5
2033 3
2034 0
2035 6
2036 1
2037 6
2038 6
2039 2
2040 1
2041 3
2042 3
2043 3
2044 3
2045 5
2046 3
2047 2
2048 6
2049 3
2050 3
2051 4
2052 6
2053 1
2054 1
2055 2
2056 3
2057 6
2058 2
2059 1
2060 6
2061 6
2062 6
2063 0
2064 0
2065 2
2066 1
2067 1
2068 3
2069 0
2070 5
2071 6
2072 3
2073 1
2074 6
2075 6
2076 0
2077 2
2078 0
2079 5
2080 1
2081 0
2082 2
2083 3
2084 3
2085 3
2086 2
2087 2
2088 0
2089 2
2090 3
2091 6
2092 1
2093 3
2094 0
2095 3
2096 5
2097 0
2098 1
2099 1
2100 5
2101 2
2102 2
2103 2
2104 2
2105 3
2106 5
2107 3
2108 0
2109 3
2110 1
2111 2
2112 3
2113 1
2114 0
2115 0
2116 2
2117 3
2118 4
2119 3
2120 3
2121 3
2122 6
2123 6
2124 3
2125 3
2126 5
2127 0
2128 6
2129 3
2130 2
2131 6
2132 5
2133 2
2134 1
2135 3
2136 0
2137 6
2138 0
2139 2
2140 0
2141 1
2142 5
2143 3
2144 0
2145 1
2146 1
2147 3
2148 0
2149 5
2150 4
2151 6
2152 2
2153 0
2154 3
2155 3
2156 1
2157 6
2158 5
2159 0
2160 0
2161 0
2162 3
2163 5
2164 0
2165 2
2166 0
2167 0
2168 1
2169 0
2170 2
2171 5
2172 1
2173 2
2174 4
2175 2
2176 3
2177 2
2178 3
2179 4
2180 1
2181 3
2182 1
2183 4
2184 6
2185 3
2186 3
2187 3
2188 5
2189 5
2190 5
2191 3
2192 2
2193 2
2194 5
2195 5
2196 2
2197 1
2198 1
2199 2
2200 2
2201 3
2202 2
2203 3
2204 2
2205 2
2206 2
2207 4
2208 0
2209 4
2210 1
2211 2
2212 3
2213 5
2214 3
2215 6
2216 2
2217 5
2218 3
2219 0
2220 2
2221 0
2222 4
2223 3
2224 3
2225 1
2226 2
2227 3
2228 3
2229 5
2230 3
2231 6
2232 2
2233 3
2234 0
2235 0
2236 3
2237 2
2238 2
2239 3
2240 5
2241 0
2242 0
2243 3
2244 6
2245 6
2246 1
2247 3
2248 2
2249 2
2250 2
2251 2
2252 2
2253 5
2254 2
2255 2
2256 3
2257 2
2258 3
2259 2
2260 3
2261 2
2262 3
2263 3
2264 2
2265 2
2266 0
2267 2
2268 3
2269 2
2270 3
2271 2
2272 3
2273 1
2274 2
2275 3
2276 6
2277 2
2278 3
2279 3
2280 2
2281 3
2282 5
2283 3
2284 3
2285 0
2286 2
2287 0
2288 0
2289 6
2290 5
2291 5
2292 0
2293 0
2294 6
2295 2
2296 2
2297 1
2298 2
2299 6
2300 5
2301 0
2302 2
2303 6
2304 3
2305 4
2306 3
2307 3
2308 6
2309 4
2310 6
2311 0
2312 5
2313 0
2314 3
2315 1
2316 2
2317 2
2318 0
2319 6
2320 1
2321 3
2322 3
2323 0
2324 1
2325 3
2326 1
2327 1
2328 4
2329 1
2330 2
2331 1
2332 2
2333 1
2334 2
2335 3
2336 3
2337 3
2338 6
2339 5
2340 3
2341 0
2342 1
2343 0
2344 3
2345 1
2346 1
2347 2
2348 0
2349 3
2350 1
2351 3
2352 3
2353 2
2354 1
2355 3
2356 1
2357 3
2358 3
2359 6
2360 1
2361 2
2362 0
2363 2
2364 6
2365 5
2366 0
2367 1
2368 4
2369 6
2370 3
2371 6
2372 6
2373 3
2374 3
2375 0
2376 3
2377 0
2378 3
2379 2
2380 0
2381 3
2382 3
2383 3
2384 0
2385 3
2386 3
2387 3
2388 3
2389 0
2390 3
2391 1
2392 2
2393 3
2394 3
2395 6
2396 2
2397 3
2398 6
2399 6
2400 3
2401 0
2402 2
2403 6
2404 0
2405 3
2406 4
2407 2
2408 4
2409 3
2410 3
2411 4
2412 4
2413 3
2414 3
2415 6
2416 0
2417 0
2418 1
2419 0
2420 0
2421 0
2422 3
2423 1
2424 5
2425 0
2426 5
2427 3
2428 0
2429 2
2430 4
2431 5
2432 4
2433 3
2434 0
2435 3
2436 5
2437 4
2438 3
2439 3
2440 3
2441 5
2442 4
2443 0
2444 4
2445 3
2446 2
2447 6
2448 3
2449 5
2450 5
2451 2
2452 3
2453 4
2454 3
2455 1
2456 0
2457 3
2458 0
2459 3
2460 0
2461 0
2462 0
2463 0
2464 0
2465 6
2466 6
2467 1
2468 0
2469 3
2470 2
2471 6
2472 4
2473 6
2474 0
2475 1
2476 1
2477 3
2478 2
2479 2
2480 4
2481 1
2482 6
2483 1
2484 6
2485 4
2486 3
2487 1
2488 0
2489 6
2490 2
2491 3
2492 0
2493 5
2494 4
2495 1
2496 3
2497 3
2498 3
2499 3
2500 3
2501 3
2502 6
2503 3
2504 2
2505 3
2506 0
2507 3
2508 1
2509 1
2510 0
2511 1
2512 2
2513 3
2514 0
2515 2
2516 2
2517 3
2518 2
2519 2
2520 6
2521 2
2522 3
2523 3
2524 0
2525 0
2526 3
2527 5
2528 1
2529 0
2530 3
2531 0
2532 0
2533 3
2534 5
2535 3
2536 4
2537 3
2538 3
2539 5
2540 3
2541 2
2542 3
2543 0
2544 6
2545 3
2546 0
2547 6
2548 1
2549 3
2550 5
2551 4
2552 3
2553 3
2554 2
2555 1
2556 6
2557 3
2558 0
2559 0
2560 1
2561 0
2562 3
2563 2
2564 2
2565 6
2566 0
2567 3
2568 6
2569 3
2570 3
2571 3
2572 3
2573 0
2574 3
2575 0
2576 3
2577 0
2578 0
2579 3
2580 1
2581 6
2582 3
2583 1
2584 3
2585 6
2586 4
2587 5
2588 0
2589 5
2590 0
2591 5
2592 0
2593 6
2594 3
2595 3
2596 0
2597 6
2598 2
2599 3
2600 2
2601 3
2602 5
2603 3
2604 2
2605 6
2606 3
2607 6
2608 3
2609 5
2610 3
2611 3
2612 3
2613 2
2614 6
2615 3
2616 6
2617 5
2618 1
2619 3
2620 0
2621 3
2622 6
2623 1
2624 2
2625 3
2626 6
2627 1
2628 4
2629 4
2630 2
2631 3
2632 3
2633 1
2634 0
2635 6
2636 5
2637 2
2638 2
2639 3
2640 5
2641 2
2642 3
2643 2
2644 1
2645 6
2646 2
2647 4
2648 3
2649 5
2650 5
2651 1
2652 6
2653 1
2654 0
2655 4
2656 6
2657 1
2658 6
2659 2
2660 0
2661 0
2662 3
2663 5
2664 2
2665 6
2666 4
2667 2
2668 5
2669 0
2670 3
2671 3
2672 3
2673 2
2674 3
2675 1
2676 3
2677 0
2678 3
2679 0
2680 3
2681 3
2682 0
2683 3
2684 3
2685 1
2686 3
2687 4
2688 2
2689 1
2690 1
2691 3
2692 6
2693 0
2694 1
2695 1
2696 1
2697 0
2698 0
2699 0
2700 0
2701 3
2702 2
2703 2
2704 2
2705 2
2706 6
2707 3
